0	5	100	0
0	9	100	1
0	8	100	2
0	7	100	3
0	1	100	4
0	6	100	5
0	10	100	6
0	2	100	7
0	5	100	7
0	7	100	5
0	9	100	8
0	3	100	11
0	8	100	9
0	6	100	7
0	10	100	7
0	1	100	10
0	4	100	16
0	5	100	8
0	7	100	8
0	8	100	6
0	6	100	6
0	9	100	10
0	10	100	7
0	5	100	5
0	2	100	16
0	7	100	6
0	8	100	6
0	1	100	11
0	6	100	7
0	9	100	7
0	10	100	7
0	5	100	7
0	4	100	24
0	6	100	0
0	7	100	1
0	9	100	2
0	8	100	3
0	5	100	4
0	10	100	5
0	1	100	6
0	6	100	6
0	7	100	6
0	9	100	6
0	8	100	6
0	5	100	6
0	10	100	6
0	2	100	13
0	1	100	7
0	6	100	7
0	7	100	7
0	3	100	17
0	8	100	7
0	9	100	9
0	4	100	22
0	6	100	7
0	1	100	9
0	8	100	6
0	7	100	9
0	9	100	7
0	2	100	14
0	5	100	6
0	10	100	7
0	6	100	7
0	8	100	6
0	7	100	6
0	9	100	6
0	1	100	10
0	5	100	6
0	10	100	6
0	3	100	21
0	7	100	6
0	8	100	8
0	9	100	7
0	4	100	24
0	6	100	8
0	8	100	7
0	9	100	7
0	7	100	10
0	10	100	4
0	5	100	5
0	6	100	5
0	1	100	7
0	8	100	6
0	9	100	6
0	7	100	6
0	10	100	6
0	3	100	22
0	2	100	15
0	8	100	7
0	7	100	6
0	9	100	8
0	1	100	11
0	4	100	21
0	5	100	7
0	6	100	8
0	7	100	6
0	8	100	8
0	9	100	7
0	10	100	5
0	1	100	8
0	5	100	6
0	6	100	6
0	2	100	15
0	7	100	7
0	8	100	7
0	9	100	7
0	3	100	20
0	10	100	8
0	6	100	6
0	5	100	8
0	1	100	10
0	8	100	6
0	9	100	6
0	4	100	25
0	1	100	8
0	8	100	8
0	9	100	8
0	7	100	3
0	10	100	4
0	6	100	5
0	5	100	6
0	9	100	4
0	3	100	21
0	1	100	9
0	7	100	7
0	10	100	7
0	6	100	7
0	5	100	7
0	9	100	7
0	2	100	16
0	8	100	7
0	7	100	6
0	1	100	8
0	4	100	25
0	7	100	7
0	1	100	7
0	3	100	18
0	2	100	12
0	5	100	4
0	9	100	5
0	8	100	6
0	10	100	7
0	6	100	8
0	7	100	8
0	1	100	8
0	5	100	6
0	9	100	6
0	8	100	6
0	10	100	6
0	6	100	6
0	7	100	6
0	5	100	5
0	8	100	4
0	9	100	6
0	3	100	26
0	10	100	0
0	6	100	1
0	7	100	2
0	5	100	3
0	8	100	4
0	9	100	5
0	1	100	6
0	10	100	6
0	6	100	6
0	7	100	6
0	5	100	6
0	8	100	6
0	9	100	6
0	2	100	13
0	1	100	7
0	10	100	7
0	6	100	7
0	7	100	7
0	5	100	7
0	9	100	6
0	4	100	22
0	6	100	6
0	10	100	8
0	7	100	7
0	1	100	11
0	5	100	8
0	9	100	8
0	2	100	15
0	8	100	7
0	10	100	6
0	7	100	6
0	6	100	9
0	5	100	6
0	9	100	6
0	1	100	9
0	8	100	6
0	10	100	6
0	6	100	5
0	7	100	7
0	5	100	6
0	3	100	19
0	4	100	23
0	1	100	10
0	10	100	9
0	6	100	9
0	7	100	9
0	5	100	9
0	8	100	5
0	9	100	6
0	10	100	5
0	1	100	7
0	6	100	6
0	5	100	5
0	7	100	7
0	9	100	5
0	2	100	13
0	8	100	8
0	10	100	7
0	3	100	20
0	6	100	7
0	7	100	6
0	5	100	8
0	4	100	23
0	10	100	8
0	6	100	7
0	7	100	7
0	5	100	7
0	2	100	14
0	9	100	5
0	8	100	6
0	10	100	6
0	1	100	8
0	6	100	7
0	7	100	7
0	5	100	7
0	3	100	19
0	9	100	7
0	8	100	7
0	6	100	5
0	10	100	8
0	7	100	6
0	5	100	6
0	1	100	10
0	4	100	21
0	9	100	8
0	8	100	8
0	7	100	6
0	10	100	8
0	6	100	10
0	5	100	8
0	1	100	8
0	9	100	6
0	3	100	17
0	10	100	5
0	8	100	8
0	6	100	6
0	5	100	6
0	7	100	10
0	2	100	14
0	1	100	8
0	6	100	4
0	9	100	9
0	8	100	7
0	7	100	5
0	4	100	22
0	1	100	7
0	6	100	7
0	9	100	7
0	8	100	7
0	7	100	7
0	10	100	5
0	3	100	23
0	9	100	7
0	7	100	6
0	8	100	8
0	1	100	12
0	10	100	8
0	5	100	5
0	7	100	4
0	9	100	6
0	6	100	8
0	8	100	6
0	4	100	27
0	2	100	18
0	3	100	19
0	10	100	2
0	7	100	3
0	9	100	4
0	6	100	5
0	5	100	6
0	8	100	7
0	1	100	8
0	10	100	6
0	7	100	6
0	9	100	6
0	6	100	6
0	5	100	6
0	8	100	6
0	2	100	14
0	1	100	7
0	10	100	7
0	7	100	7
0	9	100	7
0	3	100	25
0	1	100	11
0	2	100	13
0	8	100	2
0	5	100	3
0	6	100	4
0	10	100	5
0	9	100	6
0	7	100	7
0	1	100	7
0	8	100	6
0	5	100	6
0	6	100	6
0	10	100	6
0	9	100	6
0	7	100	6
0	8	100	5
0	2	100	14
0	5	100	6
0	6	100	6
0	1	100	10
0	4	100	24
0	8	100	9
0	5	100	8
0	6	100	8
0	1	100	8
0	7	100	4
0	9	100	5
0	10	100	6
0	8	100	6
0	5	100	6
0	6	100	6
0	2	100	18
0	7	100	6
0	9	100	6
0	10	100	6
0	1	100	10
0	8	100	7
0	5	100	7
0	6	100	7
0	7	100	6
0	9	100	6
0	4	100	27
0	9	100	8
0	2	100	18
0	8	100	2
0	10	100	3
0	5	100	4
0	6	100	5
0	7	100	6
0	9	100	6
0	1	100	8
0	8	100	6
0	10	100	6
0	5	100	6
0	6	100	6
0	7	100	6
0	9	100	6
0	2	100	13
0	1	100	7
0	8	100	7
0	10	100	7
0	5	100	7
0	4	100	24
0	8	100	7
0	10	100	7
0	5	100	7
0	1	100	11
0	7	100	4
0	6	100	5
0	9	100	6
0	2	100	16
0	8	100	7
0	10	100	7
0	5	100	7
0	7	100	6
0	6	100	6
0	1	100	9
0	9	100	7
0	8	100	6
0	10	100	6
0	5	100	6
0	7	100	6
0	6	100	6
0	4	100	29
0	8	100	0
0	5	100	1
0	9	100	2
0	10	100	3
0	6	100	4
0	7	100	5
0	1	100	6
0	8	100	6
0	5	100	6
0	9	100	6
0	6	100	5
0	10	100	7
0	7	100	6
0	2	100	13
0	8	100	6
0	1	100	8
0	5	100	7
0	9	100	7
0	6	100	7
0	10	100	7
0	4	100	22
0	8	100	8
0	5	100	7
0	9	100	7
0	6	100	7
0	10	100	7
0	1	100	12
0	7	100	6
0	2	100	16
0	8	100	7
0	9	100	6
0	6	100	6
0	5	100	9
0	10	100	7
0	7	100	6
0	8	100	5
0	1	100	9
0	9	100	6
0	6	100	6
0	5	100	6
0	10	100	6
0	4	100	29
0	7	100	0
0	8	100	1
0	6	100	2
0	5	100	3
0	9	100	4
0	10	100	5
0	1	100	6
0	7	100	6
0	8	100	6
0	6	100	6
0	5	100	6
0	9	100	6
0	10	100	6
0	2	100	13
0	1	100	7
0	7	100	7
0	6	100	6
0	8	100	8
0	5	100	7
0	9	100	7
0	4	100	22
0	6	100	6
0	7	100	8
0	8	100	7
0	5	100	7
0	9	100	7
0	1	100	13
0	10	100	6
0	2	100	16
0	6	100	7
0	7	100	7
0	8	100	7
0	5	100	7
0	9	100	7
0	10	100	6
0	1	100	8
0	6	100	6
0	8	100	5
0	7	100	7
0	5	100	6
0	9	100	6
0	4	100	23
0	6	100	8
0	1	100	10
0	7	100	8
0	9	100	7
0	8	100	11
0	5	100	10
0	10	100	6
0	6	100	6
0	7	100	5
0	8	100	4
0	5	100	4
0	9	100	7
0	1	100	10
0	10	100	6
0	6	100	6
0	2	100	15
0	8	100	6
0	7	100	8
0	5	100	7
0	9	100	7
0	4	100	25
1	7	100	8
1	5	100	8
1	9	100	8
1	10	100	3
1	6	100	4
1	8	100	5
1	2	100	16
1	1	100	7
1	3	100	8
1	4	100	9
1	7	100	9
1	5	100	9
1	9	100	9
1	10	100	9
1	6	100	9
1	8	100	9
1	1	100	8
1	7	100	6
1	5	100	6
1	9	100	6
1	6	100	5
1	10	100	7
1	8	100	6
1	2	100	16
1	7	100	6
1	5	100	6
1	6	100	5
1	1	100	10
1	9	100	8
1	4	100	26
1	1	100	9
1	2	100	14
1	8	100	2
1	10	100	3
1	6	100	4
1	9	100	5
1	7	100	6
1	5	100	7
1	1	100	7
1	8	100	6
1	10	100	6
1	6	100	6
1	7	100	5
1	9	100	7
1	5	100	6
1	2	100	13
1	8	100	6
1	1	100	8
1	10	100	7
1	6	100	7
1	4	100	24
1	8	100	8
1	10	100	7
1	6	100	7
1	1	100	10
1	5	100	4
1	7	100	5
1	9	100	6
1	10	100	5
1	8	100	7
1	6	100	6
1	2	100	19
1	7	100	5
1	5	100	7
1	9	100	6
1	1	100	10
1	8	100	6
1	10	100	8
1	6	100	7
1	7	100	6
1	5	100	6
1	4	100	27
1	5	100	8
1	2	100	18
1	8	100	2
1	10	100	3
1	7	100	4
1	6	100	5
1	9	100	6
1	5	100	6
1	1	100	8
1	10	100	5
1	8	100	7
1	7	100	6
1	6	100	6
1	9	100	6
1	5	100	6
1	2	100	13
1	1	100	7
1	10	100	7
1	8	100	7
1	9	100	5
1	4	100	24
1	8	100	6
1	9	100	6
1	10	100	9
1	1	100	11
1	6	100	4
1	5	100	5
1	7	100	6
1	2	100	16
1	8	100	7
1	9	100	7
1	10	100	7
1	6	100	6
1	1	100	8
1	5	100	7
1	7	100	7
1	8	100	6
1	9	100	6
1	10	100	6
1	6	100	6
1	5	100	5
1	4	100	28
1	5	100	9
1	7	100	1
1	9	100	2
1	10	100	3
1	8	100	4
1	6	100	5
1	5	100	5
1	1	100	7
1	7	100	6
1	9	100	6
1	10	100	6
1	8	100	6
1	6	100	6
1	5	100	6
1	2	100	14
1	1	100	7
1	7	100	7
1	9	100	7
1	10	100	7
1	8	100	7
1	4	100	23
1	7	100	7
1	9	100	7
1	10	100	7
1	8	100	7
1	1	100	12
1	2	100	14
1	6	100	6
1	5	100	7
1	7	100	7
1	9	100	7
1	10	100	7
1	8	100	7
1	1	100	7
1	6	100	6
1	5	100	6
1	7	100	6
1	9	100	6
1	10	100	6
1	8	100	6
1	6	100	5
1	4	100	29
1	9	100	0
1	7	100	1
1	5	100	2
1	8	100	3
1	6	100	4
1	10	100	5
1	1	100	6
1	9	100	6
1	7	100	6
1	5	100	6
1	8	100	6
1	6	100	6
1	10	100	6
1	2	100	13
1	1	100	7
1	9	100	7
1	7	100	7
1	5	100	7
1	8	100	7
1	6	100	7
1	4	100	22
1	9	100	7
1	5	100	6
1	7	100	8
1	6	100	6
1	8	100	8
1	1	100	13
1	10	100	6
1	2	100	16
1	9	100	7
1	5	100	7
1	7	100	7
1	6	100	7
1	8	100	7
1	10	100	6
1	1	100	8
1	9	100	6
1	5	100	6
1	7	100	6
1	6	100	6
1	8	100	6
1	4	100	29
1	10	100	0
1	9	100	1
1	5	100	2
1	6	100	3
1	7	100	4
1	8	100	5
1	1	100	6
1	10	100	6
1	9	100	6
1	5	100	6
1	6	100	6
1	7	100	6
1	8	100	6
1	2	100	13
1	1	100	7
1	10	100	7
1	9	100	7
1	5	100	7
1	7	100	6
1	8	100	6
1	4	100	22
1	10	100	7
1	9	100	7
1	5	100	7
1	7	100	7
1	8	100	7
1	1	100	13
1	6	100	6
1	2	100	16
1	10	100	7
1	9	100	7
1	5	100	7
1	7	100	7
1	8	100	7
1	6	100	6
1	1	100	8
1	10	100	6
1	9	100	6
1	5	100	6
1	7	100	6
1	8	100	6
1	4	100	29
1	10	100	0
1	6	100	1
1	5	100	2
1	8	100	3
1	7	100	4
1	9	100	5
1	1	100	6
1	10	100	6
1	6	100	6
1	5	100	6
1	8	100	6
1	7	100	6
1	9	100	6
1	2	100	13
1	1	100	7
1	10	100	7
1	6	100	7
1	5	100	7
1	8	100	7
1	9	100	6
1	4	100	22
1	6	100	6
1	10	100	8
1	9	100	5
1	5	100	8
1	8	100	8
1	1	100	13
1	7	100	6
1	2	100	16
1	6	100	7
1	10	100	7
1	9	100	7
1	5	100	7
1	8	100	7
1	7	100	6
1	1	100	8
1	6	100	6
1	10	100	6
1	9	100	6
1	5	100	6
1	8	100	6
1	4	100	29
1	7	100	0
1	8	100	1
1	9	100	2
1	5	100	3
1	6	100	4
1	10	100	5
1	1	100	6
1	7	100	6
1	8	100	6
1	6	100	4
1	9	100	7
1	10	100	5
1	5	100	8
1	2	100	13
1	1	100	7
1	7	100	7
1	8	100	7
1	3	100	17
1	6	100	8
1	9	100	8
1	4	100	22
1	1	100	8
1	7	100	8
1	8	100	8
1	6	100	7
1	9	100	7
1	5	100	5
1	10	100	6
1	2	100	16
1	7	100	6
1	8	100	6
1	6	100	6
1	9	100	6
1	1	100	11
1	5	100	7
1	10	100	7
1	4	100	24
1	6	100	0
1	7	100	1
1	8	100	2
1	9	100	3
1	5	100	4
1	10	100	5
1	1	100	6
1	6	100	6
1	7	100	6
1	8	100	6
1	9	100	6
1	5	100	6
1	10	100	6
1	2	100	13
1	6	100	6
1	1	100	8
1	7	100	7
1	9	100	6
1	5	100	6
1	8	100	9
1	4	100	22
1	6	100	8
1	7	100	7
1	9	100	7
1	5	100	7
1	8	100	7
1	1	100	12
1	2	100	15
1	10	100	7
1	6	100	7
1	7	100	7
1	9	100	7
1	5	100	7
1	8	100	7
1	1	100	7
1	10	100	6
1	6	100	6
1	9	100	5
1	7	100	7
1	5	100	6
1	8	100	6
1	4	100	29
1	10	100	0
1	6	100	1
1	9	100	2
1	5	100	3
1	7	100	4
1	8	100	5
1	1	100	6
1	10	100	6
1	6	100	6
1	9	100	6
1	5	100	6
1	7	100	6
1	8	100	6
1	2	100	13
1	1	100	7
1	10	100	7
1	6	100	7
1	9	100	7
1	5	100	7
1	7	100	7
1	4	100	22
1	10	100	7
1	6	100	7
1	9	100	7
1	1	100	11
1	7	100	7
1	5	100	9
1	2	100	15
1	8	100	7
1	10	100	7
1	6	100	7
1	9	100	7
1	7	100	6
1	5	100	6
1	8	100	5
1	1	100	10
1	10	100	6
1	6	100	6
1	9	100	6
1	7	100	6
1	5	100	6
1	4	100	29
1	10	100	0
1	9	100	1
1	6	100	2
1	8	100	3
1	5	100	4
1	7	100	5
1	1	100	6
1	10	100	6
1	6	100	5
1	9	100	7
1	8	100	6
1	5	100	6
1	7	100	6
1	2	100	13
1	1	100	7
1	10	100	7
1	6	100	7
1	9	100	7
1	5	100	6
1	8	100	8
1	4	100	22
1	10	100	7
1	6	100	7
1	9	100	7
1	5	100	7
1	8	100	7
1	1	100	13
1	7	100	6
1	2	100	16
1	10	100	7
1	6	100	7
1	9	100	7
1	5	100	7
1	8	100	7
1	7	100	6
1	1	100	8
1	10	100	6
1	6	100	6
1	9	100	6
1	5	100	6
1	8	100	6
1	4	100	29
1	7	100	0
1	10	100	1
1	6	100	2
1	8	100	3
1	9	100	4
1	5	100	5
1	1	100	6
1	7	100	6
1	10	100	6
1	6	100	6
1	8	100	6
1	5	100	5
1	9	100	7
1	2	100	13
1	7	100	6
1	1	100	8
1	10	100	7
1	6	100	7
1	5	100	6
1	8	100	8
1	4	100	22
1	7	100	8
1	10	100	7
1	6	100	7
1	8	100	6
1	5	100	8
1	1	100	12
1	2	100	15
1	9	100	7
1	7	100	7
1	10	100	7
1	6	100	7
1	8	100	7
1	5	100	7
2	9	100	5
2	1	100	8
2	7	100	6
2	10	100	6
2	6	100	6
2	8	100	6
2	5	100	6
2	4	100	22
2	9	100	9
2	7	100	8
2	10	100	8
2	6	100	8
2	8	100	8
2	5	100	8
2	1	100	14
2	9	100	6
2	7	100	6
2	10	100	6
2	6	100	6
2	8	100	6
2	5	100	6
2	2	100	13
2	9	100	6
2	7	100	6
2	10	100	6
2	6	100	6
2	1	100	11
2	5	100	6
2	4	100	27
2	1	100	9
2	2	100	15
2	8	100	2
2	6	100	3
2	9	100	4
2	10	100	5
2	5	100	6
2	7	100	7
2	1	100	7
2	8	100	6
2	6	100	6
2	9	100	6
2	10	100	6
2	7	100	5
2	5	100	7
2	8	100	5
2	1	100	7
2	2	100	15
2	10	100	5
2	6	100	8
2	4	100	24
2	8	100	9
2	10	100	7
2	6	100	7
2	1	100	11
2	5	100	4
2	9	100	5
2	7	100	6
2	8	100	6
2	10	100	6
2	6	100	6
2	2	100	17
2	9	100	5
2	5	100	7
2	7	100	6
2	1	100	10
2	8	100	7
2	6	100	6
2	10	100	8
2	9	100	6
2	5	100	6
2	4	100	26
2	5	100	7
2	9	100	9
2	2	100	18
2	7	100	3
2	8	100	4
2	6	100	5
2	10	100	6
2	5	100	6
2	9	100	6
2	1	100	9
2	7	100	6
2	8	100	6
2	6	100	6
2	10	100	6
2	5	100	6
2	9	100	6
2	2	100	13
2	1	100	7
2	7	100	7
2	8	100	7
2	4	100	25
2	7	100	7
2	8	100	7
2	1	100	10
2	5	100	3
2	10	100	4
2	9	100	5
2	6	100	6
2	7	100	6
2	8	100	6
2	2	100	18
2	1	100	7
2	5	100	7
2	10	100	7
2	9	100	7
2	6	100	7
2	8	100	6
2	7	100	8
2	5	100	5
2	9	100	4
2	10	100	6
2	4	100	26
2	5	100	9
2	9	100	9
2	10	100	9
2	6	100	3
2	7	100	4
2	8	100	5
2	5	100	5
2	9	100	5
2	10	100	5
2	1	100	9
2	6	100	6
2	7	100	6
2	8	100	6
2	5	100	6
2	9	100	6
2	10	100	6
2	2	100	16
2	1	100	7
2	6	100	7
2	7	100	7
2	4	100	25
2	1	100	8
2	6	100	8
2	7	100	8
2	2	100	12
2	10	100	4
2	8	100	5
2	5	100	6
2	9	100	7
2	6	100	6
2	7	100	6
2	1	100	9
2	8	100	5
2	10	100	7
2	5	100	6
2	9	100	6
2	6	100	6
2	7	100	6
2	8	100	5
2	1	100	7
2	10	100	6
2	4	100	26
2	8	100	9
2	10	100	8
2	1	100	10
2	5	100	3
2	9	100	4
2	7	100	5
2	6	100	6
2	8	100	6
2	10	100	6
2	5	100	5
2	9	100	5
2	7	100	5
2	6	100	5
2	1	100	10
2	8	100	6
2	10	100	6
2	2	100	16
2	9	100	6
2	5	100	8
2	7	100	7
2	4	100	25
2	5	100	7
2	9	100	9
2	7	100	8
2	2	100	12
2	10	100	4
2	6	100	5
2	8	100	6
2	5	100	6
2	9	100	6
2	7	100	6
2	1	100	10
2	10	100	6
2	6	100	6
2	8	100	6
2	5	100	6
2	9	100	6
2	7	100	6
2	1	100	6
2	10	100	6
2	6	100	6
2	4	100	26
2	10	100	8
2	6	100	8
2	1	100	11
2	9	100	3
2	8	100	4
2	5	100	5
2	7	100	6
2	10	100	6
2	6	100	6
2	1	100	6
2	9	100	6
2	8	100	6
2	5	100	6
2	7	100	6
2	6	100	5
2	10	100	7
2	2	100	16
2	9	100	6
2	8	100	6
2	1	100	9
2	4	100	25
2	9	100	8
2	8	100	8
2	1	100	8
2	10	100	3
2	6	100	4
2	7	100	5
2	2	100	15
2	5	100	7
2	9	100	7
2	8	100	7
2	10	100	6
2	6	100	6
2	7	100	6
2	5	100	5
2	1	100	11
2	9	100	6
2	8	100	6
2	10	100	6
2	6	100	6
2	7	100	6
2	4	100	27
2	6	100	9
2	7	100	9
2	9	100	2
2	8	100	3
2	5	100	4
2	10	100	5
2	6	100	5
2	7	100	5
2	1	100	8
2	9	100	6
2	8	100	6
2	5	100	6
2	10	100	6
2	6	100	6
2	7	100	6
2	2	100	15
2	1	100	7
2	8	100	6
2	9	100	8
2	5	100	7
2	4	100	24
2	8	100	7
2	5	100	6
2	9	100	8
2	1	100	11
2	6	100	4
2	7	100	5
2	10	100	6
2	2	100	16
2	9	100	5
2	8	100	8
2	5	100	8
2	6	100	6
2	1	100	8
2	7	100	7
2	10	100	7
2	9	100	6
2	5	100	5
2	8	100	7
2	6	100	6
2	7	100	5
2	4	100	27
2	6	100	9
2	7	100	9
2	10	100	2
2	8	100	3
2	9	100	4
2	5	100	5
2	6	100	5
2	7	100	5
2	1	100	8
2	10	100	6
2	8	100	6
2	9	100	6
2	5	100	6
2	6	100	6
2	7	100	6
2	2	100	15
2	1	100	7
2	10	100	7
2	8	100	7
2	5	100	6
2	4	100	24
2	10	100	7
2	8	100	7
2	5	100	7
2	1	100	11
2	7	100	4
2	9	100	5
2	2	100	15
2	6	100	7
2	10	100	7
2	8	100	7
2	5	100	7
2	1	100	7
2	7	100	7
2	9	100	7
2	6	100	6
2	10	100	6
2	8	100	6
2	5	100	6
2	7	100	5
2	9	100	5
2	4	100	28
2	9	100	9
2	10	100	1
2	6	100	2
2	5	100	3
2	8	100	4
2	7	100	5
2	9	100	5
2	1	100	7
2	10	100	6
2	6	100	6
2	5	100	6
2	8	100	6
2	7	100	6
2	9	100	6
2	2	100	14
2	10	100	6
2	1	100	8
2	6	100	7
2	5	100	7
2	8	100	7
2	4	100	23
2	6	100	6
2	10	100	9
2	5	100	7
2	8	100	7
2	1	100	11
2	2	100	14
2	9	100	6
2	7	100	7
2	6	100	7
2	10	100	7
2	5	100	7
2	8	100	7
2	9	100	5
2	7	100	5
2	1	100	9
2	6	100	6
2	10	100	6
2	5	100	6
2	8	100	6
2	9	100	6
2	4	100	28
2	9	100	9
2	8	100	1
2	6	100	2
2	5	100	3
2	7	100	4
2	10	100	5
2	9	100	5
2	1	100	7
2	8	100	6
2	6	100	6
2	5	100	6
2	7	100	6
2	10	100	6
2	9	100	6
2	2	100	14
2	8	100	6
2	1	100	8
2	6	100	7
2	5	100	7
2	10	100	6
2	4	100	23
2	8	100	8
2	10	100	5
2	6	100	8
2	5	100	8
2	1	100	11
2	9	100	5
2	7	100	6
2	2	100	16
2	8	100	7
2	10	100	7
2	6	100	7
2	5	100	7
2	9	100	6
2	7	100	6
2	1	100	9
2	8	100	6
2	6	100	5
2	10	100	7
2	5	100	6
2	9	100	6
2	4	100	29
2	8	100	0
2	7	100	1
2	6	100	2
2	10	100	3
2	5	100	4
2	9	100	5
2	1	100	6
2	8	100	6
2	7	100	6
2	6	100	6
2	5	100	5
2	10	100	7
2	9	100	6
2	2	100	13
2	1	100	7
2	8	100	7
2	7	100	7
2	6	100	7
2	5	100	7
2	10	100	7
2	4	100	22
2	8	100	7
2	7	100	7
2	6	100	7
2	10	100	6
2	5	100	8
2	1	100	13
2	2	100	15
2	9	100	7
2	8	100	7
2	7	100	7
2	6	100	7
2	10	100	7
2	5	100	7
2	1	100	7
2	9	100	6
2	8	100	6
2	7	100	6
2	6	100	6
2	10	100	6
2	5	100	6
2	4	100	29
2	8	100	0
2	6	100	1
2	9	100	2
2	7	100	3
2	10	100	4
2	5	100	5
2	1	100	6
2	8	100	6
2	9	100	5
2	6	100	7
2	7	100	6
2	10	100	6
2	5	100	6
2	2	100	13
2	1	100	7
2	8	100	7
2	9	100	7
2	6	100	7
2	7	100	7
2	10	100	7
2	4	100	22
2	8	100	7
2	9	100	7
2	6	100	7
2	1	100	11
2	10	100	7
2	7	100	9
2	5	100	6
3	2	100	16
3	8	100	7
3	9	100	7
3	6	100	7
3	10	100	6
3	7	100	6
3	5	100	6
3	1	100	10
3	3	100	15
3	4	100	16
3	8	100	8
3	6	100	7
3	9	100	9
3	10	100	8
3	7	100	8
3	5	100	8
3	1	100	8
3	8	100	6
3	6	100	6
3	9	100	6
3	10	100	6
3	2	100	22
3	8	100	6
3	6	100	6
3	9	100	6
3	10	100	6
3	1	100	11
3	4	100	26
3	1	100	8
3	2	100	14
3	5	100	2
3	9	100	3
3	8	100	4
3	6	100	5
3	7	100	6
3	10	100	7
3	1	100	7
3	5	100	6
3	9	100	6
3	8	100	6
3	6	100	6
3	7	100	6
3	10	100	6
3	5	100	5
3	2	100	14
3	9	100	6
3	6	100	5
3	8	100	7
3	4	100	25
3	9	100	8
3	6	100	8
3	8	100	8
3	10	100	3
3	7	100	4
3	5	100	5
3	9	100	5
3	6	100	5
3	2	100	17
3	8	100	6
3	1	100	10
3	10	100	7
3	7	100	7
3	5	100	7
3	6	100	6
3	9	100	8
3	8	100	6
3	1	100	6
3	10	100	6
3	7	100	6
3	4	100	26
3	10	100	8
3	7	100	8
3	1	100	11
3	5	100	3
3	9	100	4
3	6	100	5
3	8	100	6
3	10	100	6
3	7	100	6
3	1	100	6
3	5	100	6
3	9	100	6
3	6	100	6
3	8	100	6
3	10	100	6
3	7	100	6
3	2	100	16
3	9	100	5
3	6	100	5
3	5	100	8
3	4	100	25
3	6	100	7
3	9	100	9
3	5	100	8
3	7	100	3
3	10	100	4
3	8	100	5
3	2	100	15
3	6	100	6
3	9	100	6
3	5	100	6
3	1	100	10
3	7	100	7
3	10	100	7
3	8	100	7
3	6	100	6
3	9	100	6
3	5	100	6
3	7	100	5
3	1	100	7
3	10	100	6
3	4	100	26
3	7	100	9
3	10	100	8
3	1	100	10
3	8	100	3
3	5	100	4
3	9	100	5
3	6	100	6
3	7	100	6
3	10	100	6
3	1	100	6
3	8	100	6
3	5	100	6
3	9	100	6
3	6	100	6
3	7	100	6
3	10	100	6
3	2	100	16
3	8	100	6
3	5	100	6
3	9	100	6
3	4	100	26
3	5	100	8
3	9	100	8
3	2	100	12
3	6	100	3
3	7	100	4
3	10	100	5
3	8	100	6
3	5	100	6
3	9	100	6
3	1	100	9
3	6	100	6
3	7	100	6
3	10	100	6
3	8	100	6
3	5	100	6
3	9	100	6
3	1	100	6
3	6	100	6
3	7	100	6
3	10	100	6
3	4	100	25
3	6	100	8
3	7	100	8
3	10	100	8
3	1	100	12
3	8	100	4
3	9	100	5
3	5	100	6
3	6	100	6
3	7	100	6
3	10	100	6
3	1	100	6
3	8	100	6
3	9	100	6
3	5	100	6
3	6	100	6
3	10	100	5
3	7	100	7
3	2	100	17
3	8	100	6
3	9	100	6
3	4	100	26
3	9	100	7
3	8	100	9
3	2	100	11
3	7	100	3
3	6	100	4
3	5	100	5
3	10	100	6
3	9	100	6
3	8	100	6
3	1	100	9
3	6	100	5
3	7	100	7
3	5	100	6
3	10	100	6
3	8	100	5
3	9	100	7
3	1	100	6
3	6	100	6
3	7	100	6
3	5	100	6
3	4	100	25
3	6	100	8
3	7	100	8
3	5	100	8
3	1	100	12
3	8	100	4
3	9	100	5
3	10	100	6
3	7	100	5
3	6	100	7
3	5	100	6
3	1	100	6
3	8	100	6
3	10	100	5
3	9	100	7
3	7	100	6
3	5	100	5
3	6	100	7
3	2	100	17
3	8	100	6
3	10	100	6
3	4	100	27
3	10	100	8
3	2	100	11
3	6	100	2
3	9	100	3
3	7	100	4
3	5	100	5
3	8	100	6
3	10	100	6
3	1	100	8
3	6	100	6
3	9	100	6
3	7	100	6
3	5	100	6
3	8	100	6
3	10	100	6
3	1	100	6
3	6	100	6
3	9	100	6
3	7	100	6
3	5	100	6
3	4	100	24
3	6	100	8
3	9	100	8
3	5	100	7
3	7	100	9
3	1	100	13
3	8	100	5
3	10	100	6
3	6	100	6
3	9	100	6
3	5	100	6
3	7	100	6
3	1	100	6
3	8	100	6
3	10	100	6
3	6	100	6
3	9	100	6
3	5	100	6
3	7	100	6
3	2	100	18
3	8	100	6
3	4	100	28
3	2	100	10
3	6	100	1
3	9	100	2
3	10	100	3
3	5	100	4
3	8	100	5
3	7	100	6
3	1	100	7
3	6	100	6
3	9	100	6
3	10	100	6
3	5	100	6
3	8	100	6
3	7	100	6
3	6	100	5
3	1	100	7
3	9	100	6
3	10	100	6
3	5	100	6
3	8	100	6
3	4	100	25
3	10	100	8
3	5	100	8
3	8	100	8
3	1	100	13
3	7	100	4
3	6	100	5
3	10	100	5
3	9	100	7
3	5	100	6
3	8	100	6
3	1	100	6
3	7	100	6
3	6	100	6
3	10	100	6
3	9	100	6
3	5	100	6
3	8	100	6
3	2	100	17
3	7	100	6
3	6	100	6
3	4	100	27
3	6	100	8
3	8	100	1
3	9	100	2
3	10	100	3
3	5	100	4
3	2	100	15
3	6	100	5
3	7	100	7
3	1	100	8
3	8	100	7
3	9	100	7
3	10	100	7
3	5	100	7
3	6	100	6
3	7	100	6
3	1	100	6
3	8	100	6
3	9	100	6
3	10	100	6
3	5	100	6
3	4	100	24
3	8	100	8
3	10	100	7
3	9	100	9
3	5	100	8
3	1	100	13
3	6	100	5
3	7	100	6
3	10	100	5
3	8	100	7
3	9	100	6
3	5	100	6
3	1	100	6
3	6	100	6
3	7	100	6
3	8	100	5
3	10	100	7
3	5	100	5
3	2	100	17
3	9	100	8
3	6	100	6
3	4	100	28
3	2	100	11
3	7	100	1
3	10	100	2
3	5	100	3
3	9	100	4
3	8	100	5
3	6	100	6
3	1	100	7
3	7	100	6
3	10	100	6
3	5	100	6
3	9	100	6
3	6	100	5
3	8	100	7
3	1	100	6
3	7	100	6
3	10	100	6
3	5	100	6
3	2	100	17
3	9	100	7
3	4	100	23
3	1	100	9
3	7	100	9
3	10	100	9
3	5	100	9
3	9	100	8
3	6	100	5
3	8	100	6
3	7	100	5
3	10	100	5
3	5	100	5
3	9	100	5
3	1	100	10
3	6	100	6
3	8	100	6
3	2	100	19
3	7	100	7
3	10	100	7
3	5	100	7
3	9	100	7
3	6	100	6
3	4	100	28
3	2	100	14
3	8	100	1
3	10	100	2
3	5	100	3
3	7	100	4
3	6	100	5
3	9	100	6
3	1	100	7
3	8	100	6
3	10	100	6
3	5	100	6
3	6	100	5
3	7	100	7
3	9	100	6
3	2	100	13
3	1	100	7
3	8	100	7
3	10	100	7
3	6	100	6
3	5	100	8
3	4	100	23
3	8	100	7
3	10	100	7
3	6	100	7
3	5	100	7
3	1	100	12
3	7	100	5
3	9	100	6
3	8	100	6
3	10	100	6
3	2	100	18
3	5	100	6
3	6	100	8
3	1	100	7
3	7	100	7
3	9	100	7
3	8	100	7
3	10	100	7
3	6	100	5
3	5	100	7
3	7	100	5
3	4	100	28
3	7	100	9
3	9	100	1
3	10	100	2
3	8	100	3
3	6	100	4
3	5	100	5
3	7	100	5
3	1	100	7
3	9	100	6
3	10	100	6
3	8	100	6
3	6	100	6
3	7	100	5
3	5	100	7
3	2	100	14
3	1	100	7
3	9	100	7
3	10	100	7
3	8	100	7
3	6	100	7
3	4	100	23
3	9	100	7
3	8	100	6
3	10	100	8
3	6	100	7
3	1	100	12
3	5	100	5
3	7	100	6
3	2	100	16
3	9	100	7
3	8	100	7
3	10	100	7
3	6	100	7
3	5	100	6
3	7	100	6
3	1	100	9
3	9	100	6
3	8	100	6
3	10	100	6
3	6	100	6
3	5	100	6
3	4	100	29
3	9	100	0
4	8	100	1
4	7	100	2
4	6	100	3
4	10	100	4
4	5	100	5
4	1	100	6
4	9	100	6
4	2	100	8
4	3	100	9
4	4	100	10
4	8	100	9
4	7	100	9
4	6	100	9
4	10	100	9
4	5	100	9
4	9	100	8
4	1	100	10
4	8	100	6
4	7	100	6
4	6	100	6
4	10	100	6
4	5	100	6
4	9	100	6
4	2	100	15
4	8	100	6
4	7	100	6
4	6	100	6
4	1	100	10
4	10	100	7
4	4	100	26
4	1	100	9
4	2	100	14
4	5	100	2
4	9	100	3
4	8	100	4
4	6	100	5
4	7	100	6
4	10	100	7
4	1	100	7
4	5	100	6
4	9	100	6
4	8	100	6
4	6	100	6
4	7	100	6
4	10	100	6
4	5	100	5
4	2	100	14
4	9	100	6
4	6	100	5
4	1	100	10
4	4	100	24
4	5	100	9
4	9	100	8
4	6	100	8
4	10	100	3
4	1	100	9
4	7	100	5
4	8	100	6
4	5	100	6
4	9	100	6
4	6	100	6
4	2	100	18
4	10	100	7
4	8	100	5
4	7	100	7
4	5	100	6
4	9	100	6
4	6	100	6
4	1	100	12
4	10	100	6
4	8	100	6
4	4	100	26
4	8	100	7
4	1	100	10
4	2	100	18
4	7	100	3
4	6	100	4
4	5	100	5
4	9	100	6
4	8	100	6
4	10	100	8
4	1	100	7
4	7	100	6
4	6	100	6
4	5	100	6
4	9	100	6
4	8	100	6
4	10	100	6
4	2	100	13
4	7	100	6
4	6	100	6
4	1	100	9
4	4	100	27
4	1	100	8
4	9	100	1
4	8	100	2
4	5	100	3
4	10	100	4
4	7	100	5
4	6	100	6
4	2	100	18
4	1	100	7
4	9	100	7
4	8	100	7
4	5	100	7
4	10	100	7
4	6	100	6
4	7	100	8
4	9	100	5
4	8	100	5
4	5	100	5
4	10	100	5
4	6	100	5
4	4	100	26
4	5	100	9
4	10	100	9
4	6	100	9
4	7	100	3
4	8	100	4
4	9	100	5
4	5	100	5
4	10	100	5
4	6	100	5
4	1	100	9
4	7	100	6
4	8	100	6
4	9	100	6
4	10	100	5
4	5	100	7
4	6	100	6
4	2	100	16
4	1	100	7
4	7	100	7
4	8	100	7
4	4	100	25
4	1	100	8
4	7	100	8
4	2	100	11
4	8	100	9
4	9	100	4
4	6	100	5
4	5	100	6
4	10	100	7
4	1	100	7
4	7	100	7
4	8	100	6
4	9	100	6
4	10	100	4
4	2	100	10
4	3	100	14
4	6	100	9
4	5	100	9
4	7	100	7
4	8	100	7
4	4	100	19
4	1	100	11
4	9	100	9
4	10	100	9
4	5	100	6
4	6	100	8
4	8	100	6
4	7	100	8
4	1	100	6
4	2	100	14
4	5	100	5
4	6	100	5
4	10	100	8
4	9	100	10
4	8	100	7
4	7	100	7
4	3	100	20
4	1	100	8
4	4	100	17
4	9	100	5
4	6	100	8
4	5	100	10
4	10	100	9
4	7	100	7
4	8	100	9
4	2	100	15
4	9	100	6
4	10	100	4
4	5	100	6
4	6	100	8
4	7	100	6
4	1	100	13
4	8	100	7
4	3	100	16
4	2	100	8
4	4	100	16
4	10	100	8
4	6	100	7
4	5	100	9
4	8	100	6
4	7	100	9
4	9	100	14
4	1	100	10
4	2	100	8
4	6	100	6
4	5	100	6
4	10	100	9
4	8	100	7
4	7	100	7
4	9	100	7
4	3	100	16
4	1	100	8
4	6	100	7
4	8	100	5
4	5	100	8
4	7	100	6
4	4	100	22
4	2	100	15
4	1	100	8
4	6	100	8
4	7	100	6
4	8	100	9
4	5	100	9
4	9	100	6
4	10	100	7
4	6	100	5
4	7	100	5
4	8	100	5
4	5	100	5
4	3	100	21
4	9	100	7
4	10	100	7
4	6	100	7
4	2	100	16
4	7	100	8
4	8	100	8
4	4	100	25
4	7	100	7
4	8	100	7
4	2	100	10
4	5	100	3
4	9	100	4
4	6	100	5
4	7	100	5
4	10	100	7
4	3	100	21
4	1	100	10
4	5	100	7
4	6	100	6
4	9	100	8
4	7	100	7
4	10	100	7
4	8	100	6
4	5	100	5
4	1	100	7
4	6	100	6
4	4	100	25
4	5	100	8
4	6	100	7
4	1	100	9
4	9	100	3
4	3	100	22
4	8	100	7
4	6	100	6
4	5	100	8
4	1	100	7
4	9	100	7
4	7	100	5
4	10	100	6
4	8	100	6
4	6	100	6
4	5	100	6
4	2	100	17
4	9	100	6
4	7	100	6
4	4	100	26
4	3	100	21
4	2	100	11
4	8	100	3
4	10	100	4
4	6	100	5
4	5	100	6
4	9	100	7
4	1	100	8
4	7	100	7
4	8	100	6
4	10	100	6
4	6	100	6
4	5	100	6
4	9	100	6
4	7	100	5
4	1	100	7
4	8	100	6
4	10	100	6
4	6	100	6
4	3	100	25
4	6	100	8
4	1	100	12
4	7	100	2
4	9	100	3
4	10	100	4
4	5	100	5
4	8	100	6
4	6	100	6
4	1	100	6
4	7	100	6
4	9	100	6
4	10	100	6
4	5	100	6
4	8	100	6
4	6	100	6
4	2	100	15
4	7	100	6
4	9	100	6
4	10	100	6
4	5	100	6
4	4	100	24
4	7	100	8
4	9	100	8
4	5	100	7
4	10	100	9
4	2	100	13
4	8	100	5
4	6	100	6
4	7	100	6
4	9	100	6
4	5	100	6
4	10	100	6
4	1	100	11
4	8	100	6
4	6	100	6
4	7	100	6
4	9	100	6
4	5	100	6
4	10	100	6
4	8	100	5
4	1	100	7
4	4	100	28
4	1	100	9
4	9	100	1
4	7	100	2
4	6	100	3
4	5	100	4
4	10	100	5
4	8	100	6
4	1	100	6
4	9	100	6
4	7	100	6
4	6	100	6
4	5	100	6
4	10	100	6
4	8	100	6
4	2	100	14
4	9	100	6
4	7	100	6
4	6	100	6
4	5	100	6
4	10	100	6
4	4	100	23
4	7	100	7
4	9	100	9
4	5	100	7
4	6	100	9
4	10	100	8
4	8	100	5
4	2	100	15
4	7	100	6
4	9	100	6
4	1	100	9
4	6	100	6
4	5	100	8
4	10	100	7
4	8	100	7
4	7	100	6
4	9	100	6
4	6	100	5
4	5	100	5
4	10	100	5
4	8	100	5
4	4	100	29
4	9	100	0
4	7	100	1
4	10	100	2
4	8	100	3
4	5	100	4
4	6	100	5
4	1	100	6
4	9	100	6
4	7	100	6
4	10	100	6
4	8	100	6
4	5	100	6
4	6	100	6
4	2	100	13
4	1	100	7
4	9	100	7
4	7	100	7
4	10	100	7
4	8	100	7
4	5	100	7
4	4	100	22
4	9	100	7
4	7	100	7
4	10	100	7
4	8	100	7
4	5	100	7
4	1	100	13
4	2	100	15
4	6	100	7
4	9	100	7
4	7	100	7
4	10	100	7
4	5	100	6
4	8	100	8
4	1	100	7
4	6	100	6
4	9	100	6
4	7	100	6
4	10	100	6
4	5	100	6
4	8	100	6
4	4	100	29
4	6	100	0
4	10	100	1
4	7	100	2
4	5	100	3
4	9	100	4
4	8	100	5
4	1	100	6
4	6	100	6
4	10	100	6
4	7	100	6
4	5	100	6
4	9	100	6
4	8	100	6
4	2	100	13
4	1	100	7
4	6	100	7
4	10	100	7
4	7	100	7
4	5	100	7
4	9	100	7
4	4	100	22
4	10	100	6
4	6	100	8
4	5	100	6
4	7	100	8
4	9	100	7
4	1	100	13
4	8	100	6
4	2	100	16
4	10	100	7
4	6	100	7
4	5	100	7
4	7	100	7
4	9	100	7
4	8	100	6
4	1	100	8
4	10	100	6
4	6	100	6
4	5	100	6
4	7	100	6
4	9	100	6
4	4	100	29
4	8	100	0
4	10	100	1
4	6	100	2
4	7	100	3
4	5	100	4
4	9	100	5
4	1	100	6
4	8	100	6
4	6	100	5
4	10	100	7
4	5	100	5
4	7	100	7
4	9	100	6
4	2	100	13
4	1	100	7
4	8	100	7
4	6	100	7
4	10	100	7
4	5	100	7
4	3	100	19
4	4	100	22
4	8	100	7
4	6	100	7
4	5	100	6
4	10	100	8
4	1	100	12
4	7	100	5
4	9	100	6
4	2	100	16
5	8	100	7
5	6	100	7
5	5	100	7
5	10	100	7
5	7	100	6
5	9	100	6
5	1	100	9
5	3	100	18
5	2	100	8
5	4	100	17
5	8	100	9
5	5	100	8
5	6	100	10
5	10	100	9
5	7	100	9
5	9	100	9
5	1	100	9
5	8	100	6
5	7	100	3
5	6	100	6
5	5	100	8
5	10	100	7
5	9	100	6
5	2	100	14
5	8	100	6
5	1	100	8
5	7	100	7
5	6	100	7
5	4	100	25
5	1	100	10
5	2	100	13
5	10	100	2
5	5	100	3
5	9	100	4
5	6	100	5
5	8	100	6
5	7	100	7
5	1	100	7
5	10	100	6
5	5	100	6
5	9	100	6
5	6	100	6
5	7	100	5
5	8	100	7
5	10	100	5
5	5	100	5
5	9	100	5
5	1	100	9
5	6	100	6
5	4	100	24
5	6	100	5
5	5	100	9
5	10	100	11
5	9	100	10
5	1	100	10
5	8	100	5
5	7	100	6
5	6	100	6
5	10	100	5
5	5	100	7
5	9	100	6
5	8	100	5
5	7	100	5
5	1	100	8
5	6	100	6
5	2	100	15
5	10	100	7
5	9	100	6
5	5	100	8
5	8	100	7
5	4	100	28
5	2	100	13
5	7	100	1
5	6	100	2
5	9	100	3
5	5	100	4
5	8	100	5
5	10	100	6
5	1	100	7
5	7	100	6
5	6	100	6
5	9	100	6
5	5	100	6
5	8	100	6
5	10	100	6
5	1	100	6
5	7	100	6
5	6	100	6
5	9	100	6
5	5	100	6
5	8	100	6
5	4	100	23
5	6	100	7
5	5	100	6
5	7	100	10
5	9	100	9
5	8	100	8
5	1	100	14
5	10	100	6
5	6	100	6
5	5	100	6
5	7	100	6
5	9	100	6
5	8	100	6
5	10	100	5
5	1	100	7
5	6	100	6
5	2	100	15
5	5	100	7
5	7	100	7
5	9	100	7
5	8	100	7
5	4	100	28
5	2	100	13
5	10	100	1
5	6	100	2
5	5	100	3
5	8	100	4
5	7	100	5
5	9	100	6
5	1	100	7
5	10	100	6
5	6	100	6
5	5	100	6
5	8	100	6
5	7	100	6
5	9	100	6
5	1	100	6
5	10	100	6
5	6	100	6
5	5	100	6
5	8	100	6
5	7	100	6
5	4	100	23
5	10	100	8
5	6	100	8
5	1	100	11
5	8	100	8
5	5	100	10
5	7	100	9
5	9	100	6
5	10	100	6
5	6	100	6
5	8	100	5
5	5	100	5
5	7	100	5
5	9	100	5
5	1	100	10
5	10	100	6
5	6	100	6
5	2	100	16
5	8	100	7
5	5	100	7
5	7	100	7
5	4	100	28
5	2	100	12
5	6	100	1
5	10	100	2
5	9	100	3
5	8	100	4
5	7	100	5
5	5	100	6
5	1	100	7
5	6	100	6
5	10	100	6
5	9	100	6
5	8	100	6
5	5	100	5
5	7	100	7
5	1	100	6
5	6	100	6
5	10	100	6
5	9	100	6
5	8	100	6
5	7	100	5
5	4	100	24
5	9	100	7
5	10	100	9
5	1	100	12
5	8	100	9
5	7	100	9
5	5	100	5
5	6	100	6
5	9	100	6
5	10	100	6
5	8	100	5
5	7	100	5
5	1	100	8
5	5	100	6
5	6	100	6
5	9	100	6
5	10	100	6
5	7	100	5
5	8	100	7
5	2	100	18
5	5	100	6
5	4	100	27
5	5	100	8
5	8	100	1
5	6	100	2
5	10	100	3
5	7	100	4
5	2	100	14
5	9	100	6
5	5	100	6
5	1	100	8
5	8	100	7
5	6	100	7
5	10	100	7
5	7	100	7
5	9	100	6
5	5	100	6
5	1	100	6
5	8	100	6
5	6	100	6
5	7	100	5
5	9	100	5
5	4	100	24
5	8	100	8
5	6	100	8
5	7	100	8
5	9	100	8
5	1	100	13
5	10	100	5
5	5	100	6
5	8	100	6
5	6	100	6
5	7	100	6
5	9	100	6
5	10	100	5
5	1	100	7
5	5	100	6
5	8	100	6
5	6	100	6
5	7	100	6
5	9	100	6
5	2	100	18
5	10	100	7
5	4	100	28
5	2	100	10
5	6	100	1
5	8	100	2
5	5	100	3
5	7	100	4
5	9	100	5
5	10	100	6
5	1	100	7
5	6	100	6
5	8	100	6
5	5	100	6
5	7	100	6
5	9	100	6
5	10	100	6
5	1	100	6
5	6	100	6
5	5	100	5
5	8	100	7
5	7	100	6
5	9	100	6
5	4	100	23
5	6	100	8
5	1	100	10
5	5	100	9
5	9	100	7
5	8	100	10
5	7	100	10
5	10	100	6
5	6	100	6
5	5	100	5
5	9	100	5
5	8	100	5
5	7	100	5
5	10	100	5
5	1	100	11
5	6	100	6
5	5	100	6
5	9	100	6
5	2	100	17
5	8	100	7
5	7	100	7
5	4	100	28
5	6	100	0
5	5	100	1
5	9	100	2
5	10	100	3
5	2	100	15
5	8	100	5
5	7	100	6
5	1	100	7
5	6	100	7
5	5	100	7
5	9	100	7
5	10	100	7
5	8	100	6
5	7	100	6
5	1	100	6
5	6	100	6
5	5	100	6
5	9	100	6
5	8	100	5
5	10	100	7
5	4	100	24
5	5	100	8
5	9	100	8
5	8	100	8
5	10	100	8
5	1	100	14
5	7	100	5
5	6	100	6
5	5	100	6
5	9	100	6
5	8	100	6
5	10	100	6
5	1	100	6
5	7	100	6
5	6	100	6
5	9	100	5
5	5	100	7
5	8	100	6
5	10	100	6
5	2	100	18
5	6	100	5
5	4	100	27
5	6	100	8
5	10	100	1
5	8	100	2
5	2	100	12
5	5	100	4
5	9	100	5
5	7	100	6
5	6	100	6
5	1	100	8
5	10	100	7
5	8	100	7
5	5	100	6
5	9	100	6
5	7	100	6
5	6	100	6
5	1	100	6
5	10	100	6
5	8	100	6
5	5	100	6
5	7	100	5
5	4	100	24
5	8	100	7
5	10	100	9
5	5	100	8
5	1	100	12
5	7	100	9
5	9	100	5
5	6	100	6
5	8	100	6
5	10	100	6
5	5	100	6
5	7	100	5
5	1	100	7
5	9	100	6
5	6	100	6
5	8	100	6
5	10	100	6
5	5	100	6
5	7	100	6
5	2	100	18
5	9	100	6
5	4	100	28
5	2	100	10
5	8	100	1
5	6	100	2
5	10	100	3
5	5	100	4
5	7	100	5
5	9	100	6
5	1	100	7
5	8	100	6
5	6	100	6
5	10	100	6
5	5	100	6
5	7	100	6
5	9	100	6
5	1	100	6
5	8	100	6
5	6	100	6
5	10	100	6
5	5	100	6
5	7	100	6
5	4	100	24
5	6	100	8
5	10	100	8
5	5	100	8
5	1	100	13
5	7	100	9
5	9	100	5
5	6	100	5
5	8	100	7
5	10	100	6
5	5	100	6
5	7	100	5
5	1	100	7
5	9	100	6
5	6	100	6
5	8	100	6
5	10	100	6
5	5	100	6
5	7	100	6
5	2	100	18
5	9	100	6
5	4	100	27
5	9	100	8
5	6	100	1
5	8	100	2
5	7	100	3
5	2	100	13
5	10	100	5
5	5	100	6
5	9	100	6
5	1	100	8
5	6	100	7
5	8	100	7
5	7	100	7
5	10	100	6
5	5	100	6
5	9	100	6
5	1	100	6
5	6	100	6
5	8	100	6
5	7	100	6
5	10	100	6
5	4	100	24
5	6	100	8
5	8	100	8
5	7	100	8
5	10	100	8
5	1	100	13
5	5	100	5
5	9	100	6
5	6	100	6
5	8	100	6
5	7	100	6
5	10	100	6
5	1	100	6
5	5	100	6
5	9	100	6
5	6	100	6
5	8	100	6
5	7	100	6
5	10	100	6
5	2	100	18
5	5	100	6
5	4	100	28
5	2	100	10
5	10	100	1
5	6	100	2
5	8	100	3
5	7	100	4
5	5	100	5
5	9	100	6
5	1	100	7
5	10	100	6
5	6	100	6
5	8	100	6
5	7	100	6
5	5	100	6
5	9	100	6
5	1	100	6
5	10	100	6
5	6	100	6
5	8	100	6
5	9	100	4
5	7	100	7
5	4	100	23
5	1	100	9
5	6	100	8
5	8	100	8
5	9	100	8
5	10	100	12
5	7	100	9
6	5	100	6
6	6	100	5
6	8	100	5
6	9	100	5
6	10	100	5
6	7	100	5
6	1	100	11
6	2	100	13
6	3	100	14
6	4	100	15
6	5	100	9
6	6	100	9
6	8	100	9
6	9	100	9
6	10	100	9
6	7	100	9
6	1	100	9
6	5	100	6
6	6	100	6
6	8	100	6
6	9	100	6
6	10	100	6
6	7	100	6
6	2	100	15
6	5	100	6
6	6	100	6
6	8	100	6
6	9	100	6
6	7	100	5
6	4	100	27
6	2	100	14
6	10	100	1
6	6	100	2
6	5	100	3
6	8	100	4
6	7	100	5
6	9	100	6
6	1	100	7
6	10	100	6
6	6	100	6
6	5	100	6
6	8	100	6
6	7	100	6
6	9	100	6
6	1	100	6
6	10	100	6
6	6	100	6
6	2	100	16
6	5	100	7
6	8	100	7
6	4	100	23
6	10	100	8
6	6	100	8
6	8	100	6
6	1	100	12
6	5	100	9
6	9	100	5
6	7	100	6
6	10	100	6
6	6	100	6
6	8	100	6
6	5	100	5
6	2	100	17
6	1	100	8
6	9	100	7
6	7	100	7
6	10	100	7
6	6	100	7
6	8	100	7
6	5	100	7
6	9	100	5
6	4	100	27
6	9	100	8
6	2	100	17
6	6	100	2
6	7	100	3
6	8	100	4
6	10	100	5
6	5	100	6
6	9	100	6
6	1	100	8
6	6	100	6
6	7	100	6
6	8	100	6
6	10	100	6
6	5	100	6
6	9	100	6
6	2	100	13
6	1	100	7
6	6	100	7
6	7	100	7
6	8	100	7
6	4	100	25
6	7	100	7
6	8	100	7
6	1	100	11
6	10	100	3
6	5	100	4
6	2	100	15
6	9	100	6
6	6	100	7
6	7	100	7
6	8	100	7
6	1	100	7
6	10	100	7
6	5	100	7
6	9	100	6
6	6	100	6
6	7	100	6
6	8	100	6
6	10	100	5
6	5	100	5
6	9	100	5
6	4	100	27
6	5	100	9
6	9	100	9
6	7	100	2
6	6	100	3
6	8	100	4
6	10	100	5
6	5	100	5
6	9	100	5
6	1	100	8
6	7	100	6
6	6	100	6
6	8	100	6
6	10	100	6
6	5	100	6
6	9	100	6
6	2	100	15
6	1	100	7
6	8	100	5
6	7	100	8
6	6	100	8
6	4	100	24
6	8	100	7
6	6	100	6
6	7	100	8
6	1	100	11
6	2	100	13
6	5	100	5
6	9	100	6
6	10	100	7
6	8	100	7
6	6	100	7
6	7	100	7
6	1	100	7
6	5	100	6
6	10	100	5
6	9	100	7
6	6	100	5
6	8	100	7
6	7	100	6
6	5	100	5
6	10	100	5
6	4	100	27
6	5	100	9
6	10	100	9
6	9	100	2
6	6	100	3
6	8	100	4
6	7	100	5
6	5	100	5
6	10	100	5
6	1	100	8
6	9	100	6
6	6	100	6
6	8	100	6
6	7	100	6
6	5	100	6
6	10	100	6
6	2	100	15
6	9	100	6
6	1	100	8
6	6	100	7
6	8	100	7
6	4	100	24
6	9	100	8
6	6	100	7
6	8	100	7
6	1	100	10
6	2	100	13
6	5	100	5
6	7	100	6
6	10	100	7
6	6	100	6
6	9	100	8
6	8	100	7
6	1	100	7
6	5	100	6
6	7	100	6
6	10	100	6
6	6	100	6
6	9	100	6
6	8	100	6
6	5	100	5
6	7	100	5
6	4	100	27
6	5	100	9
6	7	100	9
6	8	100	2
6	9	100	3
6	10	100	4
6	6	100	5
6	5	100	5
6	7	100	5
6	1	100	8
6	8	100	6
6	9	100	6
6	10	100	6
6	6	100	6
6	5	100	6
6	7	100	6
6	2	100	15
6	1	100	7
6	8	100	7
6	9	100	7
6	10	100	7
6	4	100	24
6	8	100	7
6	9	100	7
6	10	100	7
6	1	100	11
6	6	100	4
6	5	100	5
6	2	100	15
6	7	100	7
6	8	100	7
6	9	100	7
6	10	100	7
6	1	100	7
6	6	100	7
6	5	100	7
6	7	100	6
6	8	100	6
6	9	100	6
6	10	100	6
6	6	100	5
6	5	100	5
6	4	100	28
6	5	100	9
6	7	100	1
6	8	100	2
6	9	100	3
6	10	100	4
6	6	100	5
6	5	100	5
6	1	100	7
6	7	100	6
6	8	100	6
6	9	100	6
6	10	100	6
6	6	100	6
6	5	100	6
6	2	100	14
6	7	100	6
6	1	100	8
6	8	100	7
6	9	100	7
6	10	100	7
6	4	100	23
6	7	100	8
6	8	100	7
6	9	100	7
6	10	100	7
6	1	100	11
6	6	100	5
6	5	100	6
6	2	100	16
6	8	100	6
6	7	100	8
6	9	100	7
6	10	100	7
6	1	100	7
6	6	100	7
6	5	100	7
6	8	100	6
6	7	100	6
6	9	100	6
6	10	100	6
6	6	100	5
6	4	100	29
6	5	100	0
6	8	100	1
6	7	100	2
6	10	100	3
6	6	100	4
6	9	100	5
6	1	100	6
6	5	100	6
6	8	100	6
6	7	100	6
6	10	100	6
6	6	100	6
6	9	100	6
6	2	100	13
6	1	100	7
6	5	100	7
6	7	100	6
6	8	100	8
6	10	100	7
6	6	100	7
6	4	100	23
6	7	100	7
6	8	100	7
6	10	100	7
6	6	100	7
6	1	100	13
6	2	100	15
6	9	100	6
6	5	100	7
6	7	100	7
6	8	100	7
6	6	100	6
6	10	100	8
6	1	100	7
6	9	100	6
6	5	100	6
6	7	100	6
6	6	100	5
6	8	100	7
6	10	100	6
6	9	100	5
6	4	100	28
6	9	100	9
6	6	100	1
6	7	100	2
6	5	100	3
6	10	100	4
6	8	100	5
6	9	100	5
6	1	100	7
6	6	100	6
6	7	100	6
6	5	100	6
6	10	100	6
6	8	100	6
6	9	100	6
6	2	100	14
6	1	100	7
6	6	100	7
6	7	100	7
6	5	100	7
6	10	100	7
6	4	100	24
6	7	100	7
6	5	100	7
6	10	100	7
6	1	100	12
6	2	100	14
6	8	100	5
6	9	100	6
6	6	100	7
6	10	100	5
6	5	100	7
6	7	100	9
6	1	100	7
6	8	100	6
6	9	100	6
6	6	100	6
6	7	100	4
6	10	100	7
6	5	100	7
6	8	100	5
6	9	100	5
6	4	100	29
6	7	100	0
6	10	100	1
6	8	100	2
6	6	100	3
6	5	100	4
6	9	100	5
6	1	100	6
6	7	100	6
6	10	100	6
6	8	100	6
6	6	100	6
6	5	100	6
6	9	100	6
6	2	100	13
6	7	100	6
6	1	100	8
6	10	100	7
6	8	100	7
6	6	100	7
6	5	100	7
6	4	100	23
6	5	100	4
6	6	100	6
6	8	100	8
6	10	100	10
6	1	100	12
6	2	100	15
6	7	100	6
6	9	100	7
6	6	100	6
6	5	100	8
6	8	100	7
6	10	100	7
6	1	100	7
6	7	100	6
6	9	100	6
6	6	100	6
6	5	100	6
6	8	100	6
6	10	100	6
6	9	100	4
6	4	100	28
6	9	100	9
6	6	100	1
6	5	100	2
6	7	100	3
6	10	100	4
6	8	100	5
6	9	100	5
6	1	100	7
6	6	100	6
6	5	100	6
6	7	100	6
6	10	100	6
6	8	100	6
6	9	100	6
6	2	100	14
6	1	100	7
6	6	100	7
6	5	100	7
6	8	100	5
6	10	100	7
6	4	100	24
6	5	100	7
6	8	100	7
6	10	100	7
6	1	100	12
6	2	100	14
6	7	100	5
6	9	100	6
6	6	100	7
6	5	100	7
6	10	100	6
6	8	100	8
6	1	100	7
6	7	100	6
6	9	100	6
6	6	100	6
6	5	100	6
6	10	100	6
6	8	100	6
6	7	100	5
6	9	100	5
6	4	100	29
6	8	100	0
6	10	100	1
6	9	100	2
6	6	100	3
6	5	100	4
6	7	100	5
6	1	100	6
6	8	100	6
6	10	100	6
6	9	100	6
6	6	100	6
6	5	100	6
6	7	100	6
6	2	100	13
6	1	100	7
6	8	100	7
6	10	100	7
6	6	100	6
6	9	100	8
6	5	100	7
6	4	100	22
6	8	100	7
6	10	100	7
6	6	100	7
7	5	100	6
7	9	100	8
7	1	100	13
7	7	100	6
7	2	100	16
7	8	100	7
7	10	100	7
7	6	100	7
7	3	100	11
7	4	100	12
7	5	100	9
7	9	100	9
7	7	100	8
7	8	100	7
7	10	100	7
7	6	100	7
7	1	100	13
7	5	100	6
7	9	100	6
7	7	100	6
7	8	100	6
7	6	100	5
7	10	100	7
7	2	100	18
7	5	100	6
7	9	100	6
7	1	100	9
7	7	100	7
7	8	100	7
7	4	100	26
7	1	100	10
7	2	100	14
7	6	100	2
7	10	100	3
7	5	100	4
7	9	100	5
7	8	100	6
7	7	100	7
7	1	100	7
7	6	100	6
7	10	100	6
7	5	100	6
7	9	100	6
7	7	100	5
7	8	100	7
7	1	100	6
7	6	100	6
7	2	100	15
7	10	100	7
7	5	100	7
7	4	100	24
7	6	100	8
7	10	100	7
7	5	100	7
7	1	100	12
7	8	100	4
7	7	100	5
7	9	100	6
7	6	100	6
7	10	100	6
7	5	100	6
7	2	100	17
7	7	100	5
7	8	100	7
7	1	100	9
7	9	100	7
7	6	100	7
7	10	100	7
7	5	100	7
7	7	100	6
7	8	100	6
7	4	100	27
7	2	100	17
7	8	100	9
7	10	100	2
7	6	100	3
7	5	100	4
7	9	100	5
7	7	100	6
7	8	100	5
7	1	100	8
7	10	100	6
7	6	100	6
7	5	100	6
7	9	100	6
7	8	100	5
7	7	100	7
7	2	100	14
7	1	100	7
7	10	100	7
7	6	100	7
7	5	100	7
7	4	100	24
7	10	100	7
7	6	100	7
7	5	100	7
7	1	100	11
7	7	100	4
7	8	100	5
7	9	100	6
7	2	100	16
7	6	100	6
7	10	100	8
7	5	100	7
7	1	100	7
7	7	100	7
7	8	100	7
7	9	100	7
7	6	100	6
7	10	100	6
7	5	100	6
7	8	100	4
7	7	100	6
7	4	100	29
7	10	100	0
7	6	100	1
7	9	100	2
7	8	100	3
7	5	100	4
7	7	100	5
7	1	100	6
7	10	100	6
7	6	100	6
7	9	100	6
7	8	100	6
7	5	100	6
7	7	100	6
7	2	100	13
7	10	100	6
7	1	100	8
7	6	100	7
7	9	100	7
7	8	100	7
7	5	100	7
7	4	100	24
7	9	100	7
7	5	100	6
7	8	100	8
7	1	100	12
7	2	100	15
7	7	100	5
7	6	100	6
7	10	100	7
7	9	100	7
7	5	100	7
7	8	100	7
7	1	100	7
7	7	100	6
7	6	100	6
7	10	100	6
7	9	100	6
7	8	100	5
7	5	100	7
7	7	100	5
7	6	100	5
7	4	100	29
7	8	100	0
7	5	100	1
7	10	100	2
7	9	100	3
7	6	100	4
7	7	100	5
7	1	100	6
7	8	100	6
7	5	100	6
7	10	100	6
7	9	100	6
7	6	100	6
7	7	100	6
7	2	100	13
7	1	100	7
7	5	100	6
7	8	100	8
7	10	100	7
7	9	100	7
7	6	100	7
7	4	100	23
7	8	100	7
7	10	100	7
7	9	100	7
7	6	100	7
7	1	100	13
7	2	100	15
7	7	100	6
7	9	100	4
7	10	100	6
7	5	100	9
7	8	100	9
7	6	100	7
7	1	100	7
7	7	100	6
7	9	100	6
7	10	100	6
7	5	100	6
7	8	100	6
7	6	100	6
7	7	100	5
7	4	100	29
7	9	100	0
7	10	100	1
7	5	100	2
7	8	100	3
7	6	100	4
7	7	100	5
7	1	100	6
7	9	100	6
7	10	100	6
7	5	100	6
7	8	100	6
7	6	100	6
7	7	100	6
7	2	100	13
7	1	100	7
7	9	100	7
7	10	100	7
7	5	100	7
7	8	100	7
7	6	100	7
7	4	100	22
7	9	100	7
7	6	100	4
7	10	100	8
7	8	100	7
7	5	100	9
7	1	100	13
7	2	100	15
7	7	100	7
7	9	100	7
7	6	100	7
7	10	100	7
7	5	100	6
7	8	100	8
7	1	100	7
7	7	100	6
7	9	100	6
7	6	100	6
7	10	100	6
7	5	100	6
7	8	100	6
7	4	100	29
7	7	100	0
7	6	100	1
7	8	100	2
7	9	100	3
7	10	100	4
7	5	100	5
7	1	100	6
7	7	100	6
7	6	100	6
7	8	100	6
7	9	100	6
7	10	100	6
7	5	100	6
7	2	100	13
7	1	100	7
7	7	100	7
7	6	100	7
7	8	100	7
7	9	100	7
7	10	100	7
7	4	100	22
7	7	100	7
7	8	100	6
7	6	100	8
7	9	100	7
7	10	100	7
7	1	100	13
7	5	100	6
7	2	100	16
7	7	100	7
7	8	100	7
7	9	100	6
7	6	100	8
7	10	100	7
7	5	100	6
7	1	100	8
7	7	100	6
7	8	100	6
7	9	100	6
7	6	100	6
7	10	100	6
7	4	100	29
7	5	100	0
7	7	100	1
7	8	100	2
7	9	100	3
7	10	100	4
7	6	100	5
7	1	100	6
7	5	100	6
7	7	100	6
7	8	100	6
7	9	100	6
7	10	100	6
7	6	100	6
7	2	100	13
7	1	100	7
7	5	100	7
7	7	100	7
7	8	100	7
7	9	100	7
7	6	100	6
7	4	100	22
7	5	100	7
7	7	100	7
7	9	100	6
7	8	100	8
7	6	100	7
7	1	100	13
7	10	100	6
7	2	100	16
7	5	100	7
7	7	100	7
7	9	100	7
7	8	100	7
7	6	100	7
7	10	100	6
7	1	100	8
7	5	100	6
7	7	100	6
7	9	100	6
7	8	100	6
7	6	100	6
7	4	100	29
7	10	100	0
7	8	100	1
7	7	100	2
7	9	100	3
7	5	100	4
7	1	100	5
7	10	100	5
7	8	100	5
7	7	100	5
7	9	100	5
7	5	100	5
7	2	100	11
7	1	100	6
7	10	100	6
7	8	100	6
7	7	100	6
7	9	100	6
7	5	100	6
7	3	100	18
7	4	100	19
7	10	100	6
7	7	100	5
7	9	100	5
7	5	100	5
7	1	100	11
7	2	100	13
7	10	100	5
7	7	100	5
7	9	100	5
7	5	100	5
7	1	100	5
7	10	100	4
7	7	100	4
7	9	100	4
7	5	100	4
7	10	100	3
7	7	100	3
7	3	100	18
7	9	100	4
7	5	100	4
7	4	100	24
7	9	100	6
7	5	100	6
7	10	100	2
7	7	100	3
7	9	100	3
7	5	100	3
7	1	100	6
7	10	100	4
7	7	100	4
7	9	100	4
7	5	100	4
7	3	100	18
7	2	100	12
7	10	100	5
7	7	100	5
7	1	100	8
7	9	100	6
7	5	100	6
7	10	100	4
7	7	100	4
7	4	100	21
7	1	100	6
7	10	100	4
7	7	100	4
7	2	100	12
7	10	100	2
7	7	100	2
7	3	100	16
7	1	100	6
7	1	100	0
7	2	100	5
7	4	100	10
7	1	100	2
7	3	100	5
7	2	100	3
7	1	100	2
7	1	100	0
7	4	100	5
7	2	100	3
7	3	100	5
7	1	100	3
7	1	100	0
7	2	100	3
7	1	100	1
7	4	100	6
7	3	100	5
7	1	100	2
7	2	100	4
7	1	100	1
7	2	100	1
7	1	100	1
7	3	100	5
7	4	100	7
7	1	100	2
7	2	100	4
7	1	100	1
7	3	100	4
7	1	100	1
7	4	100	5
7	2	100	4
7	1	100	2
7	1	100	0
7	3	100	5
7	2	100	3
7	1	100	2
7	4	100	6
7	2	100	2
7	1	100	2
7	3	100	5
7	1	100	1
7	2	100	3
7	1	100	1
7	4	100	6
7	1	100	1
7	3	100	5
7	2	100	4
7	1	100	2
7	4	100	4
7	1	100	1
7	2	100	3
7	3	100	5
7	1	100	2
7	2	100	2
7	1	100	1
7	4	100	6
7	1	100	1
7	3	100	5
7	2	100	4
7	1	100	2
7	1	100	0
7	2	100	2
7	4	100	6
7	3	100	5
7	1	100	3
7	1	100	0
7	2	100	4
7	1	100	1
7	3	100	4
7	4	100	6
7	1	100	2
7	2	100	4
7	1	100	1
7	3	100	4
7	2	100	2
7	1	100	2
7	4	100	6
7	1	100	1
7	2	100	3
7	1	100	1
7	3	100	6
7	1	100	1
7	2	100	3
7	4	100	6
7	1	100	2
7	3	100	4
7	1	100	1
7	2	100	4
7	1	100	1
7	4	100	5
7	2	100	2
7	1	100	2
7	3	100	6
7	1	100	1
7	2	100	3
7	1	100	1
7	4	100	6
7	3	100	4
7	1	100	2
7	2	100	4
7	1	100	1
7	1	100	0
7	4	100	5
7	2	100	3
7	3	100	6
7	1	100	3
7	1	100	0
7	2	100	3
7	3	100	3
7	1	100	2
7	4	100	7
7	2	100	3
8	1	100	2
8	3	100	4
8	2	100	2
8	4	100	4
8	1	100	3
8	2	100	2
8	1	100	1
8	3	100	5
8	4	100	4
8	1	100	2
8	2	100	4
8	1	100	1
8	1	100	0
8	3	100	5
8	2	100	3
8	4	100	6
8	1	100	3
8	1	100	0
8	2	100	3
8	3	100	5
8	1	100	2
8	4	100	5
8	2	100	3
8	1	100	2
8	1	100	0
8	3	100	5
8	2	100	3
8	1	100	2
8	4	100	6
8	1	100	1
8	2	100	3
8	3	100	5
8	1	100	2
8	1	100	0
8	2	100	3
8	4	100	6
8	1	100	2
8	3	100	5
8	2	100	3
8	1	100	2
8	1	100	0
8	4	100	5
8	3	100	4
8	2	100	4
8	1	100	3
8	1	100	0
8	2	100	2
8	3	100	4
8	4	100	6
8	1	100	3
8	2	100	3
8	1	100	1
8	1	100	0
8	3	100	5
8	2	100	3
8	4	100	6
8	1	100	3
8	1	100	0
8	2	100	3
8	3	100	5
8	1	100	2
8	4	100	5
8	1	100	1
8	2	100	4
8	1	100	1
8	3	100	5
8	2	100	2
8	1	100	2
8	4	100	6
8	1	100	1
8	2	100	3
8	3	100	5
8	1	100	2
8	1	100	0
8	4	100	5
8	2	100	4
8	1	100	2
8	3	100	5
8	1	100	1
8	2	100	3
8	1	100	1
8	4	100	6
8	3	100	4
8	1	100	2
8	2	100	4
8	1	100	1
8	2	100	1
8	1	100	1
8	4	100	6
8	3	100	6
8	1	100	2
8	2	100	4
8	1	100	1
8	3	100	3
8	1	100	1
8	4	100	6
8	2	100	4
8	1	100	2
8	1	100	0
8	2	100	2
8	3	100	6
8	1	100	2
8	4	100	6
8	2	100	3
8	1	100	2
8	3	100	4
8	1	100	1
8	2	100	3
8	1	100	1
8	4	100	6
8	1	100	1
8	2	100	3
8	3	100	6
8	1	100	2
8	1	100	0
8	4	100	5
8	2	100	4
8	1	100	2
8	3	100	5
8	2	100	2
8	1	100	2
8	4	100	5
8	1	100	1
8	3	100	4
8	2	100	4
8	1	100	2
8	1	100	0
8	2	100	2
8	4	100	6
8	1	100	2
8	3	100	6
8	1	100	1
8	2	100	4
8	1	100	1
8	3	100	3
8	4	100	6
8	2	100	3
8	1	100	3
8	1	100	0
8	2	100	2
8	1	100	1
8	3	100	6
8	4	100	6
8	1	100	2
8	2	100	4
8	1	100	1
8	3	100	4
8	1	100	1
8	2	100	3
8	4	100	6
8	1	100	2
8	2	100	2
8	1	100	1
8	3	100	6
8	1	100	1
8	4	100	5
8	2	100	4
8	1	100	2
8	3	100	4
8	1	100	1
8	2	100	3
8	1	100	1
8	4	100	6
8	1	100	1
8	3	100	5
8	2	100	4
8	1	100	2
8	1	100	0
8	2	100	2
8	4	100	6
8	3	100	5
8	1	100	3
8	2	100	3
8	1	100	1
8	1	100	0
8	4	100	5
8	3	100	5
8	2	100	4
8	1	100	3
8	1	100	0
8	2	100	2
8	3	100	4
8	1	100	2
8	4	100	7
8	1	100	1
8	2	100	4
8	1	100	1
8	3	100	5
8	2	100	2
8	4	100	5
8	1	100	3
8	1	100	0
8	2	100	3
8	3	100	5
8	1	100	2
8	4	100	5
8	1	100	1
8	2	100	4
8	1	100	1
8	3	100	5
8	1	100	1
8	2	100	3
8	4	100	6
8	1	100	2
8	3	100	4
8	2	100	3
8	1	100	2
8	1	100	0
8	4	100	5
8	2	100	3
8	1	100	2
8	3	100	6
8	1	100	1
8	2	100	3
8	1	100	1
8	4	100	6
8	3	100	4
8	1	100	2
8	2	100	4
8	1	100	1
8	2	100	1
8	1	100	1
8	3	100	5
8	4	100	7
8	1	100	2
8	2	100	4
8	1	100	1
8	3	100	4
8	1	100	1
8	4	100	5
8	2	100	4
8	1	100	2
8	1	100	0
8	2	100	2
8	3	100	6
8	1	100	2
8	4	100	6
8	1	100	1
8	2	100	4
8	3	100	4
8	1	100	2
8	2	100	2
8	1	100	1
8	4	100	6
8	1	100	1
8	3	100	5
8	2	100	4
8	4	100	3
8	2	100	1
8	3	100	3
8	2	100	1
8	4	100	3
8	3	100	2
8	2	100	2
8	2	100	0
8	4	100	3
8	3	100	3
8	2	100	2
8	3	100	1
8	4	100	3
8	2	100	2
8	2	100	0
8	3	100	3
8	4	100	3
8	2	100	2
8	3	100	2
8	2	100	1
8	4	100	3
8	3	100	2
8	2	100	2
8	4	100	2
8	2	100	1
8	3	100	3
8	2	100	1
8	4	100	3
8	3	100	2
8	2	100	2
8	2	100	0
8	4	100	3
8	3	100	3
8	2	100	2
8	3	100	1
8	4	100	3
8	2	100	2
8	2	100	0
8	3	100	3
8	4	100	3
8	2	100	2
8	3	100	2
8	2	100	1
8	4	100	3
8	3	100	2
8	2	100	2
8	4	100	2
8	2	100	1
8	3	100	3
8	2	100	1
8	4	100	3
8	3	100	2
8	2	100	2
8	4	100	2
8	2	100	1
8	3	100	3
8	2	100	1
8	4	100	3
8	3	100	2
8	2	100	2
8	2	100	0
8	3	100	2
8	4	100	4
8	2	100	2
8	3	100	2
8	4	100	2
8	2	100	2
8	2	100	0
8	3	100	3
8	4	100	3
8	2	100	2
8	3	100	2
8	2	100	1
8	4	100	3
8	3	100	2
8	2	100	2
8	4	100	2
8	2	100	1
8	3	100	3
8	2	100	1
8	4	100	3
8	3	100	2
8	2	100	2
8	2	100	0
8	3	100	2
8	4	100	4
8	2	100	2
8	3	100	2
8	4	100	2
8	2	100	2
8	2	100	0
8	3	100	3
8	4	100	3
8	2	100	2
8	3	100	2
8	2	100	1
8	4	100	3
8	3	100	2
8	2	100	2
8	4	100	2
8	2	100	1
8	3	100	3
8	2	100	1
8	4	100	3
8	3	100	2
8	2	100	2
8	2	100	0
8	4	100	3
8	3	100	3
8	2	100	2
8	3	100	1
8	4	100	3
8	2	100	2
8	2	100	0
8	3	100	3
8	4	100	3
8	2	100	2
8	3	100	2
8	2	100	1
8	4	100	3
8	3	100	2
8	2	100	2
8	4	100	2
8	2	100	1
8	3	100	3
8	2	100	1
8	4	100	3
8	3	100	2
8	2	100	2
8	2	100	0
8	4	100	3
8	3	100	3
8	2	100	2
8	3	100	1
8	4	100	3
8	2	100	2
8	2	100	0
8	3	100	3
8	4	100	3
8	2	100	2
8	3	100	2
8	2	100	1
8	4	100	3
8	2	100	1
8	3	100	3
8	4	100	2
8	2	100	2
8	3	100	2
8	2	100	1
8	4	100	3
8	3	100	2
8	2	100	2
8	2	100	0
8	4	100	3
8	3	100	3
8	2	100	2
8	4	100	2
8	3	100	2
8	2	100	2
8	2	100	0
8	3	100	2
8	4	100	4
8	2	100	2
8	3	100	2
8	2	100	1
8	4	100	3
8	2	100	1
8	3	100	3
8	4	100	2
8	2	100	2
8	3	100	2
8	2	100	1
8	4	100	3
8	3	100	2
8	2	100	2
8	4	100	2
8	2	100	1
8	3	100	3
8	2	100	1
8	4	100	3
8	3	100	2
8	2	100	2
8	2	100	0
8	3	100	2
8	4	100	4
8	2	100	2
8	3	100	2
8	4	100	2
8	2	100	2
8	2	100	0
8	3	100	3
8	4	100	3
8	2	100	2
8	3	100	2
8	2	100	1
8	4	100	3
8	3	100	2
8	2	100	2
8	4	100	2
8	2	100	1
8	3	100	3
8	2	100	1
8	4	100	3
8	3	100	2
8	2	100	2
8	2	100	0
8	4	100	3
8	3	100	3
8	2	100	2
8	3	100	1
8	4	100	3
8	2	100	2
8	2	100	0
8	3	100	3
8	4	100	3
8	2	100	2
8	3	100	2
8	2	100	1
8	4	100	3
8	3	100	2
8	2	100	2
8	4	100	2
8	2	100	1
8	3	100	3
8	2	100	1
8	4	100	3
8	3	100	2
8	2	100	2
8	2	100	0
8	4	100	3
8	3	100	3
8	2	100	2
8	4	100	2
8	3	100	2
8	2	100	2
8	2	100	0
8	3	100	2
8	4	100	4
8	2	100	2
8	3	100	2
8	4	100	2
8	2	100	2
8	2	100	0
8	3	100	3
8	4	100	3
8	2	100	2
8	3	100	2
8	2	100	1
8	4	100	3
8	3	100	2
8	2	100	2
8	4	100	2
8	2	100	1
8	3	100	3
8	2	100	1
8	4	100	3
8	3	100	2
8	2	100	2
8	2	100	0
8	4	100	3
8	3	100	3
8	2	100	2
8	3	100	1
8	4	100	3
8	2	100	2
8	2	100	0
8	3	100	3
8	4	100	3
8	2	100	2
8	3	100	2
8	2	100	1
8	4	100	3
8	3	100	2
8	2	100	2
8	4	100	2
8	2	100	1
8	3	100	3
8	2	100	1
8	4	100	3
8	3	100	2
8	2	100	2
8	2	100	0
8	4	100	3
8	3	100	3
8	2	100	2
8	3	100	1
8	4	100	3
8	2	100	2
8	2	100	0
8	3	100	3
8	4	100	3
8	2	100	2
8	3	100	2
8	2	100	1
8	4	100	3
8	2	100	1
8	3	100	3
8	4	100	2
8	2	100	2
8	3	100	2
8	2	100	1
8	4	100	3
8	3	100	2
8	2	100	2
8	4	100	2
8	2	100	1
8	3	100	3
8	2	100	1
8	4	100	3
8	3	100	2
8	2	100	2
8	2	100	0
8	3	100	2
8	4	100	4
8	2	100	2
8	3	100	2
8	2	100	1
8	4	100	3
8	2	100	1
8	3	100	3
8	4	100	2
8	2	100	2
8	3	100	2
8	2	100	1
8	4	100	3
8	3	100	2
8	2	100	2
8	4	100	2
8	2	100	1
8	3	100	3
8	2	100	1
8	4	100	3
8	3	100	2
8	2	100	2
8	2	100	0
8	3	100	2
8	4	100	4
8	2	100	2
8	3	100	2
8	4	100	2
8	2	100	2
8	2	100	0
8	3	100	3
8	4	100	3
8	2	100	2
8	3	100	2
8	2	100	1
8	4	100	3
8	3	100	2
8	2	100	2
8	4	100	2
8	2	100	1
8	3	100	3
9	2	100	1
9	4	100	3
9	3	100	2
9	2	100	2
9	3	100	1
9	4	100	3
9	2	100	2
9	3	100	2
9	2	100	1
9	4	100	3
9	2	100	1
9	3	100	3
9	4	100	2
9	2	100	2
9	3	100	2
9	2	100	1
9	4	100	3
9	2	100	1
9	3	100	3
9	2	100	1
9	4	100	3
9	3	100	2
9	2	100	2
9	4	100	2
9	2	100	1
9	3	100	3
9	2	100	1
9	3	100	1
9	4	100	4
9	2	100	2
9	3	100	2
9	2	100	1
9	4	100	3
9	2	100	1
9	3	100	3
9	4	100	2
9	2	100	2
9	3	100	2
9	2	100	1
9	4	100	3
9	2	100	1
9	3	100	3
9	2	100	1
9	4	100	3
9	3	100	2
9	2	100	2
9	4	100	2
9	2	100	1
9	3	100	3
9	2	100	1
9	4	100	3
9	3	100	2
9	2	100	2
9	3	100	1
9	2	100	1
9	4	100	4
9	2	100	1
9	3	100	3
9	4	100	2
9	2	100	2
9	3	100	2
9	2	100	1
9	4	100	3
9	2	100	1
9	3	100	3
9	2	100	1
9	4	100	3
9	3	100	2
9	2	100	2
9	4	100	2
9	2	100	1
9	3	100	3
9	2	100	1
9	4	100	3
9	3	100	2
9	2	100	2
9	3	100	1
9	2	100	1
9	4	100	4
9	2	100	1
9	3	100	3
9	4	100	2
9	2	100	2
9	3	100	2
9	2	100	1
9	4	100	3
9	2	100	1
9	3	100	3
9	4	100	2
9	2	100	2
9	3	100	2
9	2	100	1
9	4	100	3
9	2	100	1
9	3	100	3
9	2	100	1
9	4	100	3
9	3	100	2
9	2	100	2
9	4	100	2
9	2	100	1
9	3	100	3
9	2	100	1
9	3	100	1
9	4	100	4
9	2	100	2
9	3	100	2
9	2	100	1
9	4	100	3
9	2	100	1
9	3	100	3
9	4	100	2
9	2	100	2
9	3	100	2
9	2	100	1
9	4	100	3
9	2	100	1
9	3	100	3
9	2	100	1
9	4	100	3
9	3	100	2
9	2	100	2
9	4	100	2
9	2	100	1
9	3	100	3
9	2	100	1
9	3	100	1
9	4	100	4
9	2	100	2
9	3	100	2
9	2	100	1
9	4	100	3
9	2	100	1
9	3	100	3
9	4	100	2
9	2	100	2
9	3	100	2
9	2	100	1
9	4	100	3
9	2	100	1
9	3	100	3
9	4	100	2
9	2	100	2
9	3	100	2
9	2	100	1
9	4	100	3
9	3	100	2
9	2	100	2
9	2	100	0
9	4	100	3
9	3	100	3
9	2	100	2
9	3	100	1
9	4	100	3
9	2	100	2
9	2	100	0
9	3	100	3
9	4	100	3
9	2	100	2
9	3	100	2
9	2	100	1
9	4	100	3
9	3	100	2
9	2	100	2
9	4	100	2
9	2	100	1
9	3	100	3
9	2	100	1
9	4	100	3
9	3	100	2
9	2	100	2
9	4	100	2
9	2	100	1
9	3	100	3
9	2	100	1
9	4	100	3
9	3	100	2
9	2	100	2
9	2	100	0
9	3	100	2
9	4	100	4
9	2	100	2
9	3	100	2
9	4	100	2
9	2	100	2
9	3	100	2
9	2	100	1
9	4	100	3
9	2	100	1
9	3	100	3
9	2	100	1
9	4	100	3
9	3	100	2
9	2	100	2
9	4	100	2
9	3	100	2
9	4	100	1
9	3	100	1
9	3	100	0
9	4	100	2
9	3	100	1
9	4	100	1
9	3	100	1
9	4	100	1
9	3	100	1
9	4	100	1
9	3	100	1
9	4	100	1
9	3	100	1
9	4	100	1
9	3	100	1
9	4	100	1
9	3	100	1
9	3	100	0
9	4	100	2
9	3	100	1
9	4	100	1
9	3	100	1
9	4	100	1
9	3	100	1
9	4	100	1
9	3	100	1
9	4	100	1
9	3	100	1
9	4	100	1
9	3	100	1
9	4	100	1
9	3	100	1
9	3	100	0
9	4	100	2
9	3	100	1
9	4	100	1
9	3	100	1
9	4	100	1
9	3	100	1
9	4	100	1
9	3	100	1
9	4	100	1
9	3	100	1
9	4	100	1
9	3	100	1
9	3	100	0
9	4	100	2
9	3	100	1
9	4	100	1
9	3	100	1
9	4	100	1
9	3	100	1
9	4	100	1
9	3	100	1
9	4	100	1
9	3	100	1
9	4	100	1
9	3	100	1
9	4	100	1
9	3	100	1
9	3	100	0
9	4	100	2
9	3	100	1
9	4	100	1
9	3	100	1
9	4	100	1
9	3	100	1
9	4	100	1
9	3	100	1
9	4	100	1
9	3	100	1
9	4	100	1
9	3	100	1
9	3	100	0
9	4	100	2
9	3	100	1
9	4	100	1
9	3	100	1
9	4	100	1
9	3	100	1
9	4	100	1
9	3	100	1
9	4	100	1
9	3	100	1
9	4	100	1
9	3	100	1
9	3	100	0
9	4	100	2
9	3	100	1
9	4	100	1
9	3	100	1
9	4	100	1
9	3	100	1
9	4	100	1
9	3	100	1
9	4	100	1
9	3	100	1
9	4	100	1
9	3	100	1
9	4	100	1
9	3	100	1
9	3	100	0
9	4	100	2
9	3	100	1
9	4	100	1
9	3	100	1
9	4	100	1
9	3	100	1
9	4	100	1
9	3	100	1
9	4	100	1
9	3	100	1
9	4	100	1
9	3	100	1
9	3	100	0
9	4	100	2
9	3	100	1
9	4	100	1
9	3	100	1
9	4	100	1
9	3	100	1
9	4	100	1
9	3	100	1
9	4	100	1
9	3	100	1
9	4	100	1
9	3	100	1
9	4	100	1
9	3	100	1
9	3	100	0
9	4	100	2
9	3	100	1
9	4	100	1
9	3	100	1
9	4	100	1
9	3	100	1
9	4	100	1
9	3	100	1
9	4	100	1
9	3	100	1
9	4	100	1
9	3	100	1
9	3	100	0
9	4	100	2
9	3	100	1
9	4	100	1
9	3	100	1
9	4	100	1
9	3	100	1
9	4	100	1
9	3	100	1
9	4	100	1
9	3	100	1
9	4	100	1
9	3	100	1
9	4	100	1
9	3	100	1
9	3	100	0
9	4	100	2
9	3	100	1
9	4	100	1
9	3	100	1
9	4	100	1
9	3	100	1
9	4	100	1
9	3	100	1
9	4	100	1
9	3	100	1
9	4	100	1
9	3	100	1
9	3	100	0
9	4	100	2
9	3	100	1
9	4	100	1
9	3	100	1
9	4	100	1
9	3	100	1
9	4	100	1
9	3	100	1
9	4	100	1
9	3	100	1
9	4	100	1
9	3	100	1
9	4	100	1
9	3	100	1
9	3	100	0
9	4	100	2
9	3	100	1
9	4	100	1
9	3	100	1
9	4	100	1
9	3	100	1
9	4	100	1
9	3	100	1
9	4	100	1
9	3	100	1
9	4	100	1
9	3	100	1
9	3	100	0
9	4	100	2
9	3	100	1
9	4	100	1
9	3	100	1
9	4	100	1
9	3	100	1
9	4	100	1
9	3	100	1
9	4	100	1
9	3	100	1
9	4	100	1
9	3	100	1
9	4	100	1
9	3	100	1
9	3	100	0
9	4	100	2
9	3	100	1
9	4	100	1
9	3	100	1
9	4	100	1
9	3	100	1
9	4	100	1
9	3	100	1
9	4	100	1
9	3	100	1
9	4	100	1
9	3	100	1
9	4	100	1
9	3	100	1
9	3	100	0
9	4	100	2
9	3	100	1
9	4	100	1
9	3	100	1
9	4	100	1
9	3	100	1
9	4	100	1
9	3	100	1
9	4	100	1
9	3	100	1
9	4	100	1
9	3	100	1
9	3	100	0
9	4	100	2
9	3	100	1
9	4	100	1
9	3	100	1
9	4	100	1
9	3	100	1
9	4	100	1
9	3	100	1
9	4	100	1
9	3	100	1
9	4	100	1
9	3	100	1
9	4	100	1
9	3	100	1
9	3	100	0
9	4	100	2
9	3	100	1
9	4	100	1
9	3	100	1
9	4	100	1
9	3	100	1
9	4	100	1
9	3	100	1
9	4	100	1
9	3	100	1
9	4	100	1
9	3	100	1
9	3	100	0
9	4	100	2
9	3	100	1
9	4	100	1
9	3	100	1
9	4	100	1
9	3	100	1
9	4	100	1
9	3	100	1
9	4	100	1
9	3	100	1
9	4	100	1
9	3	100	1
9	4	100	1
9	3	100	1
9	3	100	0
9	4	100	2
9	3	100	1
9	4	100	1
9	3	100	1
9	4	100	1
9	3	100	1
9	4	100	1
9	3	100	1
9	4	100	1
9	3	100	1
9	4	100	1
9	3	100	1
9	4	100	1
9	3	100	1
9	3	100	0
9	4	100	2
9	3	100	1
9	4	100	1
9	3	100	1
9	4	100	1
9	3	100	1
9	4	100	1
9	3	100	1
9	4	100	1
9	3	100	1
9	4	100	1
9	3	100	1
9	3	100	0
9	4	100	2
9	3	100	1
9	4	100	1
9	3	100	1
9	4	100	1
9	3	100	1
9	4	100	1
9	3	100	1
9	4	100	1
9	3	100	1
9	4	100	1
9	3	100	1
9	4	100	1
9	3	100	1
9	3	100	0
9	4	100	2
9	3	100	1
9	4	100	1
9	3	100	1
9	4	100	1
9	3	100	1
9	4	100	1
9	3	100	1
9	4	100	1
9	3	100	1
9	4	100	1
9	3	100	1
9	3	100	0
9	4	100	2
9	3	100	1
9	4	100	1
9	3	100	1
9	4	100	1
9	4	100	0
9	4	100	0
9	4	100	0
9	4	100	0
9	4	100	0
9	4	100	0
9	4	100	0
9	4	100	0
9	4	100	0
9	4	100	0
9	4	100	0
9	4	100	0
9	4	100	0
9	4	100	0
9	4	100	0
9	4	100	0
9	4	100	0
9	4	100	0
9	4	100	0
9	4	100	0
9	4	100	0
9	4	100	0
9	4	100	0
9	4	100	0
9	4	100	0
9	4	100	0
9	4	100	0
9	4	100	0
9	4	100	0
9	4	100	0
9	4	100	0
9	4	100	0
9	4	100	0
9	4	100	0
9	4	100	0
9	4	100	0
9	4	100	0
9	4	100	0
9	4	100	0
9	4	100	0
9	4	100	0
9	4	100	0
9	4	100	0
9	4	100	0
9	4	100	0
9	4	100	0
9	4	100	0
9	4	100	0
9	4	100	0
9	4	100	0
9	4	100	0
9	4	100	0
9	4	100	0
9	4	100	0
9	4	100	0
9	4	100	0
9	4	100	0
9	4	100	0
